num_functions
6

var_names
x1 x2 x3 x4 x5 x6

num_states
3 3 3 3 2 3


function
x1
inputs
x5 x1
truth_table
0 0 1
0 1 1
0 2 1
1 0 1
1 1 2
1 2 2


function
x2
inputs
x4 x3 x1 x2
truth_table
0 0 0 0 1
0 0 0 1 1
0 0 0 2 1
0 0 1 0 1
0 0 1 1 2
0 0 1 2 2
0 0 2 0 1
0 0 2 1 2
0 0 2 2 2
0 1 0 0 1
0 1 0 1 2
0 1 0 2 2
0 1 1 0 1
0 1 1 1 2
0 1 1 2 2
0 1 2 0 1
0 1 2 1 2
0 1 2 2 2
0 2 0 0 1
0 2 0 1 2
0 2 0 2 2
0 2 1 0 1
0 2 1 1 2
0 2 1 2 2
0 2 2 0 1
0 2 2 1 2
0 2 2 2 2
1 0 0 0 1
1 0 0 1 1
1 0 0 2 1
1 0 1 0 1
1 0 1 1 1
1 0 1 2 1
1 0 2 0 1
1 0 2 1 2
1 0 2 2 2
1 1 0 0 1
1 1 0 1 1
1 1 0 2 1
1 1 1 0 1
1 1 1 1 2
1 1 1 2 2
1 1 2 0 1
1 1 2 1 2
1 1 2 2 2
1 2 0 0 1
1 2 0 1 2
1 2 0 2 2
1 2 1 0 1
1 2 1 1 2
1 2 1 2 2
1 2 2 0 1
1 2 2 1 2
1 2 2 2 2
2 0 0 0 0
2 0 0 1 0
2 0 0 2 1
2 0 1 0 1
2 0 1 1 1
2 0 1 2 1
2 0 2 0 1
2 0 2 1 1
2 0 2 2 1
2 1 0 0 1
2 1 0 1 1
2 1 0 2 1
2 1 1 0 1
2 1 1 1 1
2 1 1 2 1
2 1 2 0 1
2 1 2 1 2
2 1 2 2 2
2 2 0 0 1
2 2 0 1 1
2 2 0 2 1
2 2 1 0 1
2 2 1 1 2
2 2 1 2 2
2 2 2 0 1
2 2 2 1 2
2 2 2 2 2


function
x3
inputs
x5 x3
truth_table
0 0 1
0 1 1
0 2 1
1 0 1
1 1 2
1 2 2


function
x4
inputs
x5 x4
truth_table
0 0 1
0 1 1
0 2 1
1 0 0
1 1 0
1 2 1


function
x5
inputs
x2 x6 x5
truth_table
0 0 0 0
0 0 1 0
0 1 0 0
0 1 1 0
0 2 0 0
0 2 1 0
1 0 0 0
1 0 1 0
1 1 0 0
1 1 1 0
1 2 0 0
1 2 1 0
2 0 0 0
2 0 1 0
2 1 0 0
2 1 1 0
2 2 0 0
2 2 1 0


function
x6
inputs
x5 x6
truth_table
0 0 1
0 1 1
0 2 1
1 0 0
1 1 0
1 2 1 
