num_functions
14


function
1
inputs
x11
truth_table
0 1
1 0


function
2
inputs
k4 x4 x10
truth_table
000 0
001 1
010 1
011 1
100 0
101 0
110 0
111 0


function
3
inputs
x4 x6 x5 x1
truth_table
0000 0
0001 1
0010 0
0011 0
0100 0
0101 0
0110 0
0111 0
1000 0
1001 0
1010 0
1011 0
1100 0
1101 0
1110 0
1111 0


function
4
inputs
x2 x3 x13 x8 x10
truth_table
00000 0
00001 1
00010 1
00011 1
00100 0
00101 0
00110 0
00111 0
01000 0
01001 0
01010 0
01011 0
01100 0
01101 0
01110 0
01111 0
10000 0
10001 0
10010 0
10011 0
10100 0
10101 0
10110 0
10111 0
11000 0
11001 0
11010 0
11011 0
11100 0
11101 0
11110 0
11111 0


function
5
inputs
x9 x2 x13
truth_table
000 0
001 0
010 0
011 0
100 1
101 0
110 0
111 0


function
6
inputs
x12
truth_table
0 0
1 1


function
7
inputs
k1
truth_table
0 0
1 1


function
8
inputs
k3 x5
truth_table
00 0
01 1
10 0
11 0


function
9
inputs
x7 x4
truth_table
00 0
01 0
10 1
11 0


function
10
inputs
x4 x8
truth_table
00 0
01 1
10 1
11 1


function
11
inputs
k2 x2
truth_table
00 0
01 0
10 1
11 0


function
12
inputs
x7 x4
truth_table
00 0
01 0
10 1
11 0


function
13
inputs
x4 x6 x5 x14 x1
truth_table
00000 0
00001 1
00010 1
00011 1
00100 0
00101 0
00110 0
00111 0
01000 0
01001 0
01010 0
01011 0
01100 0
01101 0
01110 0
01111 0
10000 0
10001 0
10010 0
10011 0
10100 0
10101 0
10110 0
10111 0
11000 0
11001 0
11010 0
11011 0
11100 0
11101 0
11110 0
11111 0


function
14
inputs
x4 x10 x1
truth_table
000 0
001 1
010 1
011 1
100 0
101 0
110 0
111 0

